0.285181818
0.261454545
0.257606061
0.258575758
0.263030303
0.260666667
0.277757576
0.258272727
0.246272727
0.243969697
0.232606061
0.233666667
0.243060606
0.266484848
0.261212121
0.258272727
0.271636364
0.256151515
0.263454545
0.282393939
0.279727273
0.276030303
0.257545455
0.247272727
0.236606061
0.236454545
0.230484848
0.232151515
0.269333333
0.326090909
0.333545455
0.319757576
0.243848485
0.200787879
0.242636364
0.25130303
0.257666667
0.279030303
0.254666667
0.247545455
0.24969697
0.242606061
0.242818182
0.25269697
0.224636364
0.215969697
0.203424242
0.201757576
0.203333333
0.18769697
0.195484848
0.196757576
0.188575758
0.167939394
0.18530303
0.232878788
0.248393939
0.251878788
0.259424242
0.242060606
0.225454545
0.223545455
0.272878788
0.229484848
0.219151515
0.18330303
0.184212121
0.23030303
0.285
0.301454545
0.190090909
0.163848485
0.167151515
0.168636364
0.187575758
0.217454545
0.215939394
0.197575758
0.194212121
0.188242424
0.20230303
0.231090909
0.246787879
0.23769697
0.219424242
0.271727273
0.28
0.269939394
0.244787879
0.240848485
0.264727273
0.294030303
0.344727273
0.361
0.361424242
0.380515152
0.392939394
0.373
0.279969697
0.300757576
0.309212121
0.302757576
0.298090909
0.293909091
0.317666667
0.313666667
0.310060606
0.310545455
0.322121212
0.306242424
0.288090909
0.291030303
0.294969697
0.294212121
0.300151515
0.298666667
0.290424242
0.29430303
0.299818182
0.314272727
0.306666667
0.352575758
0.357060606
0.343606061
0.351666667
0.354666667
0.350515152
0.346787879
0.345878788
0.346545455
0.345909091
0.320939394
0.361727273
0.386909091
0.367121212
0.368060606
0.37430303
0.373151515
0.351181818
0.346090909
0.339333333
0.324424242
0.329121212
0.335151515
0.304939394
0.259545455
0.252818182
0.237878788
0.238484848
0.226272727
0.239333333
0.24169697